1 0.8076923076923077 0.6574519230769231 0.3786057692307692 0.6742788461538461
1 0.4723557692307692 0.7127403846153846 0.4807692307692308 0.5637019230769231
1 0.125 0.7788461538461539 0.24879807692307693 0.43028846153846156
1 0.2980769230769231 0.3173076923076923 0.4338942307692308 0.49399038461538464
1 0.6598557692307693 0.296875 0.4266826923076923 0.453125
1 0.9350961538461539 0.2127403846153846 0.12259615384615384 0.4014423076923077
1 0.9158653846153846 0.07572115384615384 0.15985576923076922 0.15144230769230768
1 0.7632211538461539 0.0673076923076923 0.17427884615384615 0.13341346153846154
1 0.4831730769230769 0.08413461538461539 0.3858173076923077 0.16826923076923078
1 0.1622596153846154 0.15745192307692307 0.2692307692307692 0.30288461538461536
1 0.11177884615384616 0.2860576923076923 0.22355769230769232 0.5721153846153846
1 0.4987980769230769 0.49759615384615385 0.9963942307692307 0.9939903846153846
