1 0.5973557692307693 0.46875 0.7163461538461539 0.7175480769230769
1 0.4795673076923077 0.859375 0.9579326923076923 0.22115384615384615
1 0.13701923076923078 0.6778846153846154 0.27403846153846156 0.140625
1 0.9543269230769231 0.2548076923076923 0.08413461538461539 0.1778846153846154
1 0.9326923076923077 0.4170673076923077 0.12860576923076922 0.14783653846153846
1 0.9375 0.5649038461538461 0.11899038461538461 0.14783653846153846
1 0.9302884615384616 0.7019230769230769 0.13221153846153846 0.1778846153846154
1 0.9567307692307693 0.8617788461538461 0.08052884615384616 0.1658653846153846
1 0.9435096153846154 0.09495192307692307 0.10697115384615384 0.1778846153846154
1 0.9278846153846154 0.03125 0.11298076923076923 0.06129807692307692
1 0.8341346153846154 0.037259615384615384 0.08052884615384616 0.0733173076923077
1 0.8473557692307693 0.10697115384615384 0.09375 0.11658653846153846
1 0.859375 0.21514423076923078 0.11298076923076923 0.0985576923076923
1 0.8629807692307693 0.33413461538461536 0.09975961538461539 0.11658653846153846
1 0.20432692307692307 0.5180288461538461 0.1971153846153846 0.1658653846153846
1 0.07932692307692307 0.5276442307692307 0.06129807692307692 0.22115384615384615
1 0.07451923076923077 0.0889423076923077 0.03245192307692308 0.1778846153846154
1 0.10216346153846154 0.0889423076923077 0.02283653846153846 0.1778846153846154
1 0.13221153846153846 0.0829326923076923 0.03245192307692308 0.1658653846153846
1 0.16466346153846154 0.08052884615384616 0.026442307692307692 0.16105769230769232
1 0.18990384615384615 0.08052884615384616 0.028846153846153848 0.16105769230769232
1 0.21995192307692307 0.0829326923076923 0.03245192307692308 0.1658653846153846
1 0.24519230769230768 0.0889423076923077 0.03245192307692308 0.1778846153846154
1 0.27884615384615385 0.0829326923076923 0.036057692307692304 0.1658653846153846
1 0.3125 0.07692307692307693 0.03245192307692308 0.15384615384615385
1 0.34134615384615385 0.0889423076923077 0.03245192307692308 0.1778846153846154
1 0.37740384615384615 0.0889423076923077 0.038461538461538464 0.1778846153846154
1 0.40865384615384615 0.0889423076923077 0.036057692307692304 0.1778846153846154
1 0.4423076923076923 0.08052884615384616 0.028846153846153848 0.16105769230769232
1 0.47716346153846156 0.0889423076923077 0.038461538461538464 0.1778846153846154
1 0.5132211538461539 0.09495192307692307 0.03245192307692308 0.18990384615384615
1 0.5432692307692307 0.08653846153846154 0.038461538461538464 0.17307692307692307
1 0.7355769230769231 0.0889423076923077 0.12259615384615384 0.1778846153846154
1 0.6213942307692307 0.09254807692307693 0.11298076923076923 0.18389423076923078
