1 0.9254807692307693 0.8365384615384616 0.14182692307692307 0.3173076923076923
1 0.7776442307692307 0.8257211538461539 0.16706730769230768 0.3389423076923077
1 0.6730769230769231 0.9338942307692307 0.23317307692307693 0.1201923076923077
1 0.6454326923076923 0.9014423076923077 0.23677884615384615 0.18629807692307693
1 0.6322115384615384 0.7427884615384616 0.14543269230769232 0.20793269230769232
1 0.6658653846153846 0.5516826923076923 0.13822115384615385 0.1971153846153846
1 0.7944711538461539 0.5540865384615384 0.12740384615384615 0.234375
1 0.9230769230769231 0.546875 0.14543269230769232 0.28365384615384615
1 0.9423076923076923 0.5685096153846154 0.109375 0.2620192307692308
1 0.953125 0.30288461538461536 0.08774038461538461 0.2127403846153846
1 0.9387019230769231 0.10697115384615384 0.11658653846153846 0.2127403846153846
1 0.9158653846153846 0.3088942307692308 0.15985576923076922 0.25721153846153844
1 0.7896634615384616 0.35216346153846156 0.10216346153846154 0.14783653846153846
1 0.8509615384615384 0.13341346153846154 0.11658653846153846 0.25721153846153844
1 0.7584134615384616 0.17427884615384615 0.08413461538461539 0.20793269230769232
1 0.7439903846153846 0.34375 0.06850961538461539 0.15264423076923078
1 0.6778846153846154 0.5492788461538461 0.0985576923076923 0.19110576923076922
1 0.49759615384615385 0.8713942307692307 0.057692307692307696 0.15865384615384615
1 0.4074519230769231 0.9338942307692307 0.08774038461538461 0.1201923076923077
1 0.4891826923076923 0.9483173076923077 0.09134615384615384 0.09254807692307693
1 0.4266826923076923 0.8365384615384616 0.09134615384615384 0.17427884615384615
1 0.5036057692307693 0.8365384615384616 0.07692307692307693 0.0985576923076923
1 0.4855769230769231 0.7620192307692307 0.1346153846153846 0.09254807692307693
1 0.34375 0.9038461538461539 0.054086538461538464 0.18028846153846154
1 0.3329326923076923 0.8112980769230769 0.06129807692307692 0.07091346153846154
1 0.31850961538461536 0.7379807692307693 0.06129807692307692 0.07692307692307693
1 0.27403846153846156 0.6887019230769231 0.046875 0.06610576923076923
1 0.22596153846153846 0.8064903846153846 0.05048076923076923 0.234375
1 0.39783653846153844 0.7379807692307693 0.08413461538461539 0.07692307692307693
1 0.41947115384615385 0.6935096153846154 0.09134615384615384 0.07692307692307693
1 0.46033653846153844 0.6586538461538461 0.08413461538461539 0.13701923076923078
1 0.546875 0.7019230769230769 0.12740384615384615 0.19110576923076922
1 0.5612980769230769 0.5384615384615384 0.10576923076923077 0.13701923076923078
1 0.6802884615384616 0.36658653846153844 0.13822115384615385 0.17427884615384615
1 0.6995192307692307 0.2127403846153846 0.06850961538461539 0.18629807692307693
1 0.6442307692307693 0.24639423076923078 0.08052884615384616 0.16346153846153846
1 0.5745192307692307 0.26802884615384615 0.0733173076923077 0.15264423076923078
1 0.5180288461538461 0.40384615384615385 0.07692307692307693 0.15264423076923078
1 0.5673076923076923 0.4098557692307692 0.08052884615384616 0.1310096153846154
1 0.4651442307692308 0.45913461538461536 0.05048076923076923 0.08774038461538461
1 0.4651442307692308 0.5492788461538461 0.0733173076923077 0.12620192307692307
1 0.41225961538461536 0.546875 0.06129807692307692 0.0985576923076923
1 0.40384615384615385 0.6310096153846154 0.06490384615384616 0.08173076923076923
1 0.3557692307692308 0.6394230769230769 0.057692307692307696 0.06610576923076923
1 0.3605769230769231 0.5432692307692307 0.036057692307692304 0.07091346153846154
1 0.3798076923076923 0.4891826923076923 0.046875 0.07091346153846154
1 0.42908653846153844 0.4639423076923077 0.05048076923076923 0.07692307692307693
1 0.3894230769230769 0.4338942307692308 0.057692307692307696 0.08173076923076923
1 0.44591346153846156 0.38221153846153844 0.06850961538461539 0.1201923076923077
1 0.5180288461538461 0.3137019230769231 0.06850961538461539 0.1141826923076923
1 0.5348557692307693 0.23798076923076922 0.10216346153846154 0.12620192307692307
1 0.6129807692307693 0.12259615384615384 0.08413461538461539 0.19110576923076922
1 0.6526442307692307 0.09375 0.05048076923076923 0.1875
1 0.7295673076923077 0.07692307692307693 0.14182692307692307 0.15264423076923078
1 0.5841346153846154 0.040865384615384616 0.0985576923076923 0.08173076923076923
1 0.5504807692307693 0.109375 0.0985576923076923 0.15264423076923078
1 0.5036057692307693 0.06850961538461539 0.06129807692307692 0.09254807692307693
1 0.4651442307692308 0.16947115384615385 0.0733173076923077 0.08774038461538461
1 0.47115384615384615 0.24879807692307693 0.07692307692307693 0.12620192307692307
1 0.4362980769230769 0.2980769230769231 0.04326923076923077 0.07091346153846154
1 0.39783653846153844 0.30288461538461536 0.07692307692307693 0.19110576923076922
1 0.3762019230769231 0.15865384615384615 0.046875 0.0985576923076923
1 0.40865384615384615 0.07692307692307693 0.06850961538461539 0.15264423076923078
1 0.4423076923076923 0.1141826923076923 0.07692307692307693 0.17427884615384615
1 0.5096153846153846 0.038461538461538464 0.12379807692307693 0.07692307692307693
1 0.32211538461538464 0.5576923076923077 0.039663461538461536 0.06610576923076923
1 0.30408653846153844 0.5324519230769231 0.03245192307692308 0.038461538461538464
1 0.29447115384615385 0.6225961538461539 0.05048076923076923 0.054086538461538464
1 0.30528846153846156 0.26802884615384615 0.08774038461538461 0.17427884615384615
