1 0.7235576923076923 0.7487980769230769 0.5216346153846154 0.49278846153846156
1 0.234375 0.7175480769230769 0.46875 0.4735576923076923
1 0.7079326923076923 0.4026442307692308 0.4362980769230769 0.2620192307692308
1 0.4807692307692308 0.53125 0.11177884615384616 0.13822115384615385
1 0.28725961538461536 0.4254807692307692 0.4050480769230769 0.14302884615384615
1 0.29927884615384615 0.28966346153846156 0.38221153846153844 0.12860576923076922
1 0.6911057692307693 0.23317307692307693 0.3942307692307692 0.10817307692307693
1 0.6850961538461539 0.1310096153846154 0.38221153846153844 0.10817307692307693
1 0.6754807692307693 0.040865384615384616 0.3629807692307692 0.08173076923076923
1 0.3125 0.17427884615384615 0.3557692307692308 0.10216346153846154
1 0.328125 0.06129807692307692 0.3245192307692308 0.11298076923076923
