1 0.8305288461538461 0.8401442307692307 0.12379807692307693 0.14423076923076922
1 0.7872596153846154 0.7295673076923077 0.10096153846153846 0.12860576923076922
1 0.7007211538461539 0.8245192307692307 0.1045673076923077 0.15504807692307693
1 0.6298076923076923 0.7271634615384616 0.10817307692307693 0.12379807692307693
1 0.6838942307692307 0.6622596153846154 0.07692307692307693 0.11899038461538461
1 0.6237980769230769 0.5853365384615384 0.0889423076923077 0.11899038461538461
1 0.5 0.6237980769230769 0.1502403846153846 0.16466346153846154
1 0.4831730769230769 0.7475961538461539 0.12379807692307693 0.17548076923076922
1 0.5829326923076923 0.8966346153846154 0.11538461538461539 0.16466346153846154
1 0.35336538461538464 0.6526442307692307 0.09615384615384616 0.11899038461538461
1 0.2824519230769231 0.0829326923076923 0.07692307692307693 0.0829326923076923
1 0.20793269230769232 0.1346153846153846 0.07692307692307693 0.10336538461538461
1 0.39903846153846156 0.22956730769230768 0.06610576923076923 0.13942307692307693
1 0.31850961538461536 0.22956730769230768 0.1045673076923077 0.14903846153846154
1 0.22956730769230768 0.25721153846153844 0.057692307692307696 0.10336538461538461
1 0.26802884615384615 0.47475961538461536 0.0733173076923077 0.11298076923076923
1 0.32211538461538464 0.546875 0.06610576923076923 0.0829326923076923
1 0.38461538461538464 0.5204326923076923 0.057692307692307696 0.0829326923076923
1 0.34615384615384615 0.46153846153846156 0.08052884615384616 0.09735576923076923
1 0.2512019230769231 0.5540865384615384 0.07692307692307693 0.09735576923076923
1 0.2127403846153846 0.5252403846153846 0.054086538461538464 0.0829326923076923
1 0.2127403846153846 0.44350961538461536 0.06129807692307692 0.0829326923076923
1 0.39783653846153844 0.3918269230769231 0.054086538461538464 0.0829326923076923
1 0.32572115384615385 0.3713942307692308 0.057692307692307696 0.09254807692307693
1 0.27163461538461536 0.35096153846153844 0.06610576923076923 0.10336538461538461
1 0.1935096153846154 0.36899038461538464 0.054086538461538464 0.09735576923076923
