1 0.5132211538461539 0.8245192307692307 0.2692307692307692 0.3389423076923077
1 0.8028846153846154 0.5673076923076923 0.2848557692307692 0.8521634615384616
1 0.6682692307692307 0.27163461538461536 0.22716346153846154 0.38221153846153844
1 0.6646634615384616 0.47836538461538464 0.22716346153846154 0.796875
1 0.44711538461538464 0.38221153846153844 0.2536057692307692 0.3954326923076923
1 0.4423076923076923 0.4963942307692308 0.2439903846153846 0.6358173076923077
1 0.484375 0.12740384615384615 0.14182692307692307 0.2548076923076923
1 0.2704326923076923 0.24639423076923078 0.22115384615384615 0.3329326923076923
1 0.2692307692307692 0.3269230769230769 0.21153846153846154 0.48197115384615385
1 0.24879807692307693 0.75 0.2536057692307692 0.4879807692307692
1 0.15865384615384615 0.6634615384615384 0.14423076923076922 0.5745192307692307
