1 0.6430288461538461 0.7259615384615384 0.0733173076923077 0.09735576923076923
1 0.515625 0.7103365384615384 0.0733173076923077 0.11778846153846154
1 0.8725961538461539 0.09014423076923077 0.07692307692307693 0.09735576923076923
1 0.9326923076923077 0.14302884615384615 0.08052884615384616 0.08173076923076923
1 0.9711538461538461 0.08413461538461539 0.05048076923076923 0.056490384615384616
1 0.9879807692307693 0.15144230769230768 0.015625 0.06610576923076923
1 0.8341346153846154 0.15384615384615385 0.07692307692307693 0.08173076923076923
1 0.8954326923076923 0.4338942307692308 0.08533653846153846 0.11778846153846154
1 0.9242788461538461 0.515625 0.0733173076923077 0.07692307692307693
1 0.9302884615384616 0.6045673076923077 0.06971153846153846 0.10216346153846154
1 0.9651442307692307 0.6850961538461539 0.06129807692307692 0.10817307692307693
1 0.8894230769230769 0.6814903846153846 0.08052884615384616 0.09254807692307693
1 0.8461538461538461 0.6382211538461539 0.046875 0.07692307692307693
1 0.8605769230769231 0.5793269230769231 0.046875 0.09254807692307693
1 0.9807692307692307 0.46634615384615385 0.03125 0.07211538461538461
1 0.9807692307692307 0.5132211538461539 0.03125 0.051682692307692304
1 0.9807692307692307 0.5612980769230769 0.03125 0.04567307692307692
1 0.8401442307692307 0.5456730769230769 0.042067307692307696 0.08774038461538461
1 0.84375 0.45072115384615385 0.03485576923076923 0.051682692307692304
1 0.9807692307692307 0.3125 0.03125 0.040865384615384616
1 0.9747596153846154 0.35336538461538464 0.042067307692307696 0.051682692307692304
1 0.8990384615384616 0.33052884615384615 0.046875 0.07692307692307693
1 0.9399038461538461 0.33052884615384615 0.026442307692307692 0.056490384615384616
1 0.9495192307692307 0.2620192307692308 0.06129807692307692 0.07211538461538461
1 0.8629807692307693 0.2644230769230769 0.0889423076923077 0.06610576923076923
1 0.8413461538461539 0.34375 0.046875 0.051682692307692304
1 0.8353365384615384 0.4050480769230769 0.026442307692307692 0.040865384615384616
