1 0.8990384615384616 0.3942307692307692 0.1935096153846154 0.4338942307692308
1 0.953125 0.11538461538461539 0.08413461538461539 0.13341346153846154
1 0.8966346153846154 0.04927884615384615 0.1971153846153846 0.0985576923076923
1 0.796875 0.15504807692307693 0.22956730769230768 0.1622596153846154
1 0.6899038461538461 0.4266826923076923 0.265625 0.4387019230769231
1 0.43149038461538464 0.4411057692307692 0.2980769230769231 0.4675480769230769
1 0.14783653846153846 0.46274038461538464 0.2956730769230769 0.4735576923076923
1 0.10096153846153846 0.31971153846153844 0.20192307692307693 0.44350961538461536
1 0.3269230769230769 0.19230769230769232 0.25841346153846156 0.1971153846153846
1 0.5745192307692307 0.16466346153846154 0.2536057692307692 0.18269230769230768
1 0.6911057692307693 0.05889423076923077 0.21394230769230768 0.11778846153846154
1 0.4855769230769231 0.0673076923076923 0.21153846153846154 0.1346153846153846
1 0.25841346153846156 0.06971153846153846 0.23798076923076922 0.13942307692307693
1 0.0733173076923077 0.06009615384615385 0.1466346153846154 0.1201923076923077
