1 0.9435096153846154 0.5288461538461539 0.1045673076923077 0.7572115384615384
1 0.8653846153846154 0.5540865384615384 0.08533653846153846 0.7163461538461539
1 0.7836538461538461 0.5516826923076923 0.07692307692307693 0.7007211538461539
1 0.6586538461538461 0.5673076923076923 0.1814903846153846 0.6802884615384616
1 0.5961538461538461 0.5649038461538461 0.18870192307692307 0.6850961538461539
1 0.47115384615384615 0.5540865384615384 0.08533653846153846 0.7067307692307693
1 0.4074519230769231 0.5516826923076923 0.042067307692307696 0.7007211538461539
1 0.34615384615384615 0.5516826923076923 0.08052884615384616 0.7007211538461539
1 0.2644230769230769 0.546875 0.0733173076923077 0.6911057692307693
1 0.12379807692307693 0.5673076923076923 0.20793269230769232 0.6706730769230769
