1 0.5024038461538461 0.11057692307692307 0.5408653846153846 0.13942307692307693
1 0.453125 0.21875 0.5829326923076923 0.15985576923076922
1 0.5120192307692307 0.3401442307692308 0.5673076923076923 0.14423076923076922
1 0.4266826923076923 0.43509615384615385 0.5060096153846154 0.13942307692307693
1 0.5228365384615384 0.4795673076923077 0.6213942307692307 0.17548076923076922
1 0.5384615384615384 0.5697115384615384 0.6213942307692307 0.19110576923076922
1 0.5072115384615384 0.6262019230769231 0.6442307692307693 0.17067307692307693
1 0.47115384615384615 0.7427884615384616 0.6105769230769231 0.19591346153846154
1 0.5060096153846154 0.8425480769230769 0.5949519230769231 0.19110576923076922
1 0.5120192307692307 0.8894230769230769 0.6526442307692307 0.21153846153846154
