1 0.6923076923076923 0.8269230769230769 0.41466346153846156 0.3329326923076923
1 0.8509615384615384 0.4254807692307692 0.29086538461538464 0.8509615384615384
1 0.9266826923076923 0.9194711538461539 0.140625 0.14903846153846154
1 0.9603365384615384 0.08653846153846154 0.0733173076923077 0.17307692307692307
1 0.765625 0.6730769230769231 0.22115384615384615 0.4639423076923077
1 0.6850961538461539 0.29447115384615385 0.09975961538461539 0.3269230769230769
1 0.5697115384615384 0.11899038461538461 0.37740384615384615 0.23798076923076922
1 0.3713942307692308 0.1935096153846154 0.16706730769230768 0.3389423076923077
1 0.5 0.5769230769230769 0.3713942307692308 0.8329326923076923
1 0.1935096153846154 0.8125 0.3004807692307692 0.3629807692307692
1 0.1658653846153846 0.328125 0.3317307692307692 0.65625
1 0.27283653846153844 0.0985576923076923 0.13701923076923078 0.18509615384615385
1 0.3389423076923077 0.49158653846153844 0.15745192307692307 0.3269230769230769
1 0.03245192307692308 0.8209134615384616 0.06490384615384616 0.3485576923076923
