1 0.7800480769230769 0.5024038461538461 0.11298076923076923 0.1971153846153846
1 0.9362980769230769 0.453125 0.1201923076923077 0.20793269230769232
1 0.9567307692307693 0.7487980769230769 0.08052884615384616 0.18629807692307693
1 0.8365384615384616 0.71875 0.15985576923076922 0.234375
1 0.9122596153846154 0.9182692307692307 0.11658653846153846 0.15264423076923078
1 0.875 0.18870192307692307 0.11298076923076923 0.16947115384615385
1 0.9314903846153846 0.06009615384615385 0.1310096153846154 0.1201923076923077
1 0.6778846153846154 0.09014423076923077 0.14182692307692307 0.18028846153846154
1 0.4639423076923077 0.09014423076923077 0.16346153846153846 0.18028846153846154
1 0.056490384615384616 0.13341346153846154 0.11298076923076923 0.20192307692307693
1 0.02403846153846154 0.5733173076923077 0.046875 0.20793269230769232
1 0.4495192307692308 0.5901442307692307 0.14903846153846154 0.30649038461538464
1 0.4567307692307692 0.5925480769230769 0.7307692307692307 0.8028846153846154
