1 0.8581730769230769 0.6899038461538461 0.27524038461538464 0.609375
1 0.6021634615384616 0.6947115384615384 0.31971153846153844 0.5985576923076923
1 0.32572115384615385 0.6983173076923077 0.24158653846153846 0.59375
1 0.1141826923076923 0.6923076923076923 0.2283653846153846 0.6057692307692307
1 0.8581730769230769 0.19591346153846154 0.27884615384615385 0.3918269230769231
1 0.6838942307692307 0.19591346153846154 0.13701923076923078 0.3918269230769231
1 0.4831730769230769 0.19591346153846154 0.28365384615384615 0.3918269230769231
1 0.25841346153846156 0.20072115384615385 0.17427884615384615 0.4014423076923077
1 0.08774038461538461 0.19591346153846154 0.17548076923076922 0.3918269230769231
1 0.4987980769230769 0.4987980769230769 0.9975961538461539 0.9975961538461539
