1 0.7379807692307693 0.8064903846153846 0.5024038461538461 0.3762019230769231
1 0.3161057692307692 0.765625 0.5168269230769231 0.45913461538461536
1 0.4831730769230769 0.3942307692307692 0.47115384615384615 0.46875
1 0.5060096153846154 0.38461538461538464 0.3786057692307692 0.3870192307692308
1 0.8112980769230769 0.453125 0.3701923076923077 0.47475961538461536
1 0.12620192307692307 0.7391826923076923 0.25240384615384615 0.5120192307692307
1 0.1935096153846154 0.3329326923076923 0.3858173076923077 0.4795673076923077
1 0.859375 0.14182692307692307 0.27403846153846156 0.28365384615384615
1 0.5901442307692307 0.10817307692307693 0.3786057692307692 0.21634615384615385
1 0.2848557692307692 0.08052884615384616 0.3918269230769231 0.16105769230769232
