1 0.8473557692307693 0.8052884615384616 0.29927884615384615 0.3762019230769231
1 0.5673076923076923 0.7572115384615384 0.3076923076923077 0.4723557692307692
1 0.31490384615384615 0.7463942307692307 0.28725961538461536 0.49278846153846156
1 0.11057692307692307 0.7776442307692307 0.22115384615384615 0.43149038461538464
1 0.1778846153846154 0.3425480769230769 0.3485576923076923 0.4519230769230769
1 0.49158653846153844 0.3762019230769231 0.30288461538461536 0.4387019230769231
1 0.8317307692307693 0.4831730769230769 0.32572115384615385 0.29447115384615385
1 0.8149038461538461 0.2980769230769231 0.3629807692307692 0.5961538461538461
1 0.5564903846153846 0.08533653846153846 0.14783653846153846 0.17067307692307693
1 0.24158653846153846 0.20552884615384615 0.48197115384615385 0.4110576923076923
1 0.4987980769230769 0.4963942307692308 0.9975961538461539 0.9927884615384616
