1 0.8317307692307693 0.8401442307692307 0.11177884615384616 0.1346153846153846
1 0.7896634615384616 0.7319711538461539 0.09615384615384616 0.14423076923076922
1 0.7007211538461539 0.8112980769230769 0.1045673076923077 0.13942307692307693
1 0.5853365384615384 0.8870192307692307 0.11177884615384616 0.16466346153846154
1 0.6334134615384616 0.734375 0.10096153846153846 0.13942307692307693
1 0.6838942307692307 0.6646634615384616 0.07692307692307693 0.11298076923076923
1 0.6177884615384616 0.5877403846153846 0.08533653846153846 0.10336538461538461
1 0.5132211538461539 0.6129807692307693 0.1310096153846154 0.1346153846153846
1 0.4807692307692308 0.7451923076923077 0.14302884615384615 0.18028846153846154
1 0.3557692307692308 0.6598557692307693 0.10096153846153846 0.11298076923076923
1 0.30288461538461536 0.08774038461538461 0.0889423076923077 0.10336538461538461
1 0.3605769230769231 0.1346153846153846 0.06610576923076923 0.09254807692307693
1 0.21634615384615385 0.15504807692307693 0.08533653846153846 0.12379807692307693
1 0.3161057692307692 0.23677884615384615 0.08533653846153846 0.12379807692307693
1 0.39783653846153844 0.25 0.06129807692307692 0.11899038461538461
1 0.4098557692307692 0.33774038461538464 0.038461538461538464 0.09735576923076923
1 0.33774038461538464 0.38100961538461536 0.09615384615384616 0.11298076923076923
1 0.2668269230769231 0.3473557692307692 0.08533653846153846 0.11899038461538461
1 0.2283653846153846 0.26802884615384615 0.06971153846153846 0.11298076923076923
1 0.3954326923076923 0.5360576923076923 0.06610576923076923 0.09254807692307693
1 0.3557692307692308 0.46875 0.07692307692307693 0.11298076923076923
1 0.2704326923076923 0.46634615384615385 0.07692307692307693 0.09735576923076923
1 0.32091346153846156 0.5540865384615384 0.06129807692307692 0.08774038461538461
1 0.2512019230769231 0.5588942307692307 0.07692307692307693 0.07692307692307693
1 0.20673076923076922 0.4891826923076923 0.042067307692307696 0.07211538461538461
1 0.20673076923076922 0.41466346153846156 0.05048076923076923 0.08774038461538461
