1 0.7439903846153846 0.5 0.2620192307692308 0.21754807692307693
1 0.8088942307692307 0.23798076923076922 0.27524038461538464 0.2439903846153846
1 0.515625 0.23798076923076922 0.27524038461538464 0.27163461538461536
1 0.7019230769230769 0.7572115384615384 0.19591346153846154 0.2091346153846154
1 0.4375 0.515625 0.2620192307692308 0.24879807692307693
1 0.4735576923076923 0.7379807692307693 0.16466346153846154 0.1778846153846154
1 0.2127403846153846 0.25721153846153844 0.2932692307692308 0.2848557692307692
1 0.24879807692307693 0.6706730769230769 0.15144230769230768 0.14182692307692307
1 0.2800480769230769 0.8112980769230769 0.125 0.12860576923076922
1 0.10697115384615384 0.6069711538461539 0.15144230769230768 0.1466346153846154
1 0.10216346153846154 0.7620192307692307 0.14182692307692307 0.13822115384615385
