1 0.5661057692307693 0.1346153846153846 0.5637019230769231 0.10576923076923077
1 0.5685096153846154 0.203125 0.5889423076923077 0.09375
1 0.5384615384615384 0.26322115384615385 0.5685096153846154 0.12139423076923077
1 0.5252403846153846 0.34134615384615385 0.5228365384615384 0.12860576923076922
1 0.5360576923076923 0.40384615384615385 0.5733173076923077 0.11298076923076923
1 0.49759615384615385 0.47475961538461536 0.5985576923076923 0.10576923076923077
1 0.5228365384615384 0.5504807692307693 0.5889423076923077 0.109375
1 0.5024038461538461 0.6189903846153846 0.609375 0.09014423076923077
1 0.5024038461538461 0.6947115384615384 0.578125 0.109375
1 0.515625 0.7776442307692307 0.6045673076923077 0.11778846153846154
1 0.484375 0.8305288461538461 0.6237980769230769 0.12860576923076922
1 0.5072115384615384 0.890625 0.609375 0.13221153846153846
