1 0.5901442307692307 0.8569711538461539 0.5060096153846154 0.27524038461538464
1 0.8449519230769231 0.8329326923076923 0.30288461538461536 0.3233173076923077
1 0.6634615384615384 0.6899038461538461 0.5096153846153846 0.4074519230769231
1 0.8930288461538461 0.6586538461538461 0.20552884615384615 0.39663461538461536
1 0.7139423076923077 0.4579326923076923 0.4831730769230769 0.39663461538461536
1 0.8581730769230769 0.3762019230769231 0.2776442307692308 0.3173076923076923
1 0.859375 0.17668269230769232 0.27283653846153844 0.19591346153846154
1 0.8497596153846154 0.16706730769230768 0.2920673076923077 0.3329326923076923
1 0.2283653846153846 0.8389423076923077 0.375 0.3125
1 0.2776442307692308 0.6057692307692307 0.3076923076923077 0.23798076923076922
1 0.06971153846153846 0.6141826923076923 0.13822115384615385 0.2536057692307692
1 0.020432692307692308 0.8725961538461539 0.040865384615384616 0.24278846153846154
1 0.3088942307692308 0.38100961538461536 0.3329326923076923 0.21153846153846154
1 0.07091346153846154 0.3942307692307692 0.14182692307692307 0.21634615384615385
1 0.3125 0.16105769230769232 0.3329326923076923 0.21634615384615385
1 0.0733173076923077 0.19591346153846154 0.1466346153846154 0.16947115384615385
1 0.07572115384615384 0.056490384615384616 0.15144230769230768 0.11298076923076923
1 0.28846153846153844 0.03485576923076923 0.2776442307692308 0.06850961538461539
1 0.5697115384615384 0.06129807692307692 0.2776442307692308 0.12139423076923077
1 0.5901442307692307 0.2091346153846154 0.22115384615384615 0.2800480769230769
1 0.4987980769230769 0.4987980769230769 0.9975961538461539 0.9975961538461539
