1 0.84375 0.9362980769230769 0.3004807692307692 0.1201923076923077
1 0.8798076923076923 0.8088942307692307 0.22956730769230768 0.27283653846153844
1 0.4266826923076923 0.8978365384615384 0.6225961538461539 0.19591346153846154
1 0.1310096153846154 0.9050480769230769 0.2512019230769231 0.1814903846153846
1 0.07451923076923077 0.7908653846153846 0.14903846153846154 0.2548076923076923
1 0.21634615384615385 0.7055288461538461 0.34375 0.08774038461538461
1 0.2620192307692308 0.7403846153846154 0.14182692307692307 0.14903846153846154
1 0.6334134615384616 0.7151442307692307 0.3389423076923077 0.14903846153846154
1 0.7211538461538461 0.6033653846153846 0.2956730769230769 0.13822115384615385
1 0.5492788461538461 0.78125 0.43149038461538464 0.24759615384615385
1 0.9230769230769231 0.36538461538461536 0.14182692307692307 0.265625
1 0.9399038461538461 0.5288461538461539 0.109375 0.0985576923076923
1 0.7403846153846154 0.5420673076923077 0.18028846153846154 0.11658653846153846
1 0.8882211538461539 0.5576923076923077 0.15865384615384615 0.12740384615384615
1 0.7319711538461539 0.23798076923076922 0.18629807692307693 0.1778846153846154
1 0.7980769230769231 0.1622596153846154 0.2620192307692308 0.15625
1 0.9507211538461539 0.09975961538461539 0.08774038461538461 0.09134615384615384
1 0.9074519230769231 0.19471153846153846 0.17427884615384615 0.0985576923076923
1 0.5360576923076923 0.2800480769230769 0.1310096153846154 0.10216346153846154
1 0.6262019230769231 0.21995192307692307 0.13701923076923078 0.0985576923076923
1 0.78125 0.12139423076923077 0.2512019230769231 0.12740384615384615
1 0.8882211538461539 0.057692307692307696 0.08173076923076923 0.057692307692307696
1 0.7932692307692307 0.037259615384615384 0.10096153846153846 0.07451923076923077
1 0.7163461538461539 0.03485576923076923 0.0985576923076923 0.054086538461538464
1 0.6610576923076923 0.020432692307692308 0.16346153846153846 0.039663461538461536
1 0.5492788461538461 0.08173076923076923 0.3004807692307692 0.1201923076923077
1 0.39302884615384615 0.04567307692307692 0.14182692307692307 0.08413461538461539
1 0.4639423076923077 0.052884615384615384 0.21875 0.10576923076923077
1 0.34975961538461536 0.18389423076923078 0.16346153846153846 0.22235576923076922
1 0.1935096153846154 0.14423076923076922 0.13701923076923078 0.19230769230769232
1 0.24879807692307693 0.05889423076923077 0.20432692307692307 0.11778846153846154
1 0.08533653846153846 0.057692307692307696 0.17067307692307693 0.11538461538461539
1 0.07932692307692307 0.1622596153846154 0.15865384615384615 0.1778846153846154
1 0.051682692307692304 0.2848557692307692 0.09254807692307693 0.046875
1 0.057692307692307696 0.34134615384615385 0.1141826923076923 0.13822115384615385
1 0.171875 0.27403846153846156 0.14783653846153846 0.07692307692307693
1 0.2980769230769231 0.3293269230769231 0.234375 0.08413461538461539
1 0.43990384615384615 0.41586538461538464 0.20192307692307693 0.14182692307692307
1 0.25721153846153844 0.41947115384615385 0.1971153846153846 0.1346153846153846
1 0.11778846153846154 0.48677884615384615 0.234375 0.10216346153846154
1 0.14783653846153846 0.5853365384615384 0.2512019230769231 0.15264423076923078
1 0.25961538461538464 0.5504807692307693 0.14783653846153846 0.10576923076923077
1 0.4182692307692308 0.5733173076923077 0.20192307692307693 0.16346153846153846
1 0.5576923076923077 0.5204326923076923 0.16346153846153846 0.109375
1 0.7127403846153846 0.43990384615384615 0.32211538461538464 0.15985576923076922
1 0.6586538461538461 0.34134615384615385 0.15865384615384615 0.0733173076923077
1 0.7163461538461539 0.39663461538461536 0.14182692307692307 0.12379807692307693
1 0.49759615384615385 0.4987980769230769 0.9951923076923077 0.9975961538461539
