1 0.8725961538461539 0.04447115384615385 0.25 0.0889423076923077
1 0.8725961538461539 0.11177884615384616 0.24759615384615385 0.13701923076923078
1 0.8689903846153846 0.19110576923076922 0.1814903846153846 0.08774038461538461
1 0.9639423076923077 0.13942307692307693 0.06490384615384616 0.07091346153846154
1 0.9759615384615384 0.20432692307692307 0.039663461538461536 0.027644230769230768
1 0.9747596153846154 0.2620192307692308 0.04326923076923077 0.06610576923076923
1 0.9747596153846154 0.328125 0.04326923076923077 0.054086538461538464
1 0.9723557692307693 0.38221153846153844 0.046875 0.04326923076923077
1 0.9867788461538461 0.4338942307692308 0.018028846153846152 0.04927884615384615
1 0.9795673076923077 0.49759615384615385 0.03245192307692308 0.07692307692307693
1 0.9711538461538461 0.5817307692307693 0.05048076923076923 0.09254807692307693
1 0.9783653846153846 0.6442307692307693 0.036057692307692304 0.03245192307692308
1 0.8473557692307693 0.28966346153846156 0.21875 0.07692307692307693
1 0.8377403846153846 0.36899038461538464 0.23677884615384615 0.09254807692307693
1 0.8557692307692307 0.46153846153846156 0.23677884615384615 0.08173076923076923
1 0.8581730769230769 0.546875 0.21033653846153846 0.0985576923076923
1 0.8545673076923077 0.6418269230769231 0.18870192307692307 0.13701923076923078
1 0.8581730769230769 0.7319711538461539 0.203125 0.1310096153846154
1 0.04807692307692308 0.4110576923076923 0.09615384615384616 0.14423076923076922
1 0.04447115384615385 0.546875 0.0889423076923077 0.13221153846153846
1 0.040865384615384616 0.6682692307692307 0.08173076923076923 0.14423076923076922
1 0.040865384615384616 0.7728365384615384 0.08173076923076923 0.16105769230769232
1 0.09375 0.04447115384615385 0.1875 0.0889423076923077
1 0.09134615384615384 0.10336538461538461 0.1814903846153846 0.109375
1 0.09615384615384616 0.171875 0.19230769230769232 0.09254807692307693
1 0.09495192307692307 0.2403846153846154 0.18870192307692307 0.08774038461538461
1 0.0889423076923077 0.30649038461538464 0.1778846153846154 0.07692307692307693
1 0.0985576923076923 0.36899038461538464 0.19591346153846154 0.07091346153846154
1 0.14423076923076922 0.43990384615384615 0.11298076923076923 0.08173076923076923
1 0.1310096153846154 0.5276442307692307 0.08774038461538461 0.09254807692307693
1 0.5348557692307693 0.8305288461538461 0.9158653846153846 0.22956730769230768
1 0.390625 0.6742788461538461 0.7019230769230769 0.3329326923076923
1 0.48197115384615385 0.4723557692307692 0.5564903846153846 0.3112980769230769
