1 0.7896634615384616 0.9122596153846154 0.4098557692307692 0.16706730769230768
1 0.890625 0.7632211538461539 0.20793269230769232 0.19591346153846154
1 0.8365384615384616 0.5841346153846154 0.3173076923076923 0.265625
1 0.8329326923076923 0.25961538461538464 0.32211538461538464 0.23677884615384615
1 0.9338942307692307 0.05889423076923077 0.12259615384615384 0.11778846153846154
1 0.6334134615384616 0.06009615384615385 0.3605769230769231 0.1201923076923077
1 0.41225961538461536 0.26322115384615385 0.43149038461538464 0.2800480769230769
1 0.5276442307692307 0.4855769230769231 0.34375 0.22956730769230768
1 0.546875 0.6310096153846154 0.22956730769230768 0.15625
1 0.36658653846153844 0.6875 0.38221153846153844 0.24759615384615385
1 0.32211538461538464 0.875 0.41586538461538464 0.2439903846153846
1 0.07932692307692307 0.8605769230769231 0.15865384615384615 0.23677884615384615
1 0.12860576923076922 0.4639423076923077 0.25721153846153844 0.2439903846153846
1 0.08533653846153846 0.14423076923076922 0.17067307692307693 0.28365384615384615
