1 0.84375 0.734375 0.21995192307692307 0.20072115384615385
1 0.8221153846153846 0.7860576923076923 0.3473557692307692 0.4170673076923077
1 0.6310096153846154 0.9170673076923077 0.30528846153846156 0.15504807692307693
1 0.2860576923076923 0.7788461538461539 0.13942307692307693 0.15504807692307693
1 0.1971153846153846 0.7391826923076923 0.3942307692307692 0.5108173076923077
1 0.018028846153846152 0.8605769230769231 0.036057692307692304 0.2692307692307692
1 0.2800480769230769 0.6754807692307693 0.21995192307692307 0.41225961538461536
1 0.4362980769230769 0.7067307692307693 0.42427884615384615 0.5769230769230769
1 0.484375 0.6935096153846154 0.34375 0.6033653846153846
1 0.5516826923076923 0.5588942307692307 0.3557692307692308 0.4387019230769231
1 0.6177884615384616 0.5132211538461539 0.3161057692307692 0.39663461538461536
1 0.6646634615384616 0.47115384615384615 0.3161057692307692 0.36538461538461536
1 0.7163461538461539 0.4326923076923077 0.34375 0.3713942307692308
1 0.7716346153846154 0.3737980769230769 0.3317307692307692 0.30408653846153844
1 0.8161057692307693 0.35096153846153844 0.34375 0.3088942307692308
1 0.859375 0.28846153846153844 0.27403846153846156 0.23677884615384615
1 0.9519230769230769 0.26322115384615385 0.0889423076923077 0.12379807692307693
1 0.6213942307692307 0.1778846153846154 0.1466346153846154 0.11899038461538461
1 0.7668269230769231 0.08774038461538461 0.2283653846153846 0.16466346153846154
1 0.53125 0.21875 0.2127403846153846 0.11899038461538461
1 0.4170673076923077 0.2932692307692308 0.2932692307692308 0.18509615384615385
1 0.21754807692307693 0.3737980769230769 0.23557692307692307 0.17067307692307693
1 0.11057692307692307 0.44350961538461536 0.21995192307692307 0.3088942307692308
1 0.22596153846153846 0.2860576923076923 0.09615384615384616 0.08774038461538461
1 0.08173076923076923 0.06009615384615385 0.16346153846153846 0.1201923076923077
1 0.25240384615384615 0.026442307692307692 0.18269230769230768 0.052884615384615384
1 0.07932692307692307 0.24519230769230768 0.15865384615384615 0.20072115384615385
1 0.25841346153846156 0.1346153846153846 0.23197115384615385 0.20673076923076922
1 0.46875 0.08774038461538461 0.20432692307692307 0.17548076923076922
1 0.6358173076923077 0.026442307692307692 0.13701923076923078 0.052884615384615384
1 0.8317307692307693 0.036057692307692304 0.1346153846153846 0.07211538461538461
1 0.9651442307692307 0.03125 0.06129807692307692 0.06129807692307692
1 0.9783653846153846 0.1346153846153846 0.03485576923076923 0.17548076923076922
