1 0.7836538461538461 0.9290865384615384 0.4254807692307692 0.1310096153846154
1 0.7451923076923077 0.828125 0.5024038461538461 0.3329326923076923
1 0.2620192307692308 0.8473557692307693 0.5240384615384616 0.2956730769230769
1 0.6634615384615384 0.5685096153846154 0.6658653846153846 0.40384615384615385
1 0.27884615384615385 0.46033653846153844 0.5576923076923077 0.5264423076923077
1 0.7764423076923077 0.33653846153846156 0.43990384615384615 0.3557692307692308
1 0.6346153846153846 0.14543269230769232 0.7259615384615384 0.29086538461538464
1 0.1875 0.2980769230769231 0.375 0.38822115384615385
1 0.31490384615384615 0.1502403846153846 0.6286057692307693 0.3004807692307692
1 0.4987980769230769 0.49759615384615385 0.9975961538461539 0.9951923076923077
