1 0.48197115384615385 0.4206730769230769 0.375 0.8413461538461539
1 0.26322115384615385 0.48197115384615385 0.08052884615384616 0.6358173076923077
1 0.625 0.8858173076923077 0.3713942307692308 0.21754807692307693
1 0.42788461538461536 0.9122596153846154 0.2127403846153846 0.16466346153846154
1 0.9591346153846154 0.7884615384615384 0.07451923076923077 0.25841346153846156
1 0.9302884615384616 0.7524038461538461 0.11778846153846154 0.25841346153846156
1 0.8461538461538461 0.6586538461538461 0.057692307692307696 0.140625
1 0.7992788461538461 0.7415865384615384 0.14543269230769232 0.19951923076923078
1 0.7752403846153846 0.8798076923076923 0.13221153846153846 0.18269230769230768
1 0.6153846153846154 0.7620192307692307 0.14182692307692307 0.13581730769230768
1 0.8533653846153846 0.6358173076923077 0.2127403846153846 0.15264423076923078
1 0.7764423076923077 0.6201923076923077 0.203125 0.18269230769230768
1 0.7259615384615384 0.5709134615384616 0.15504807692307693 0.12980769230769232
1 0.6887019230769231 0.5612980769230769 0.16947115384615385 0.18269230769230768
1 0.6081730769230769 0.5324519230769231 0.10096153846153846 0.18269230769230768
1 0.6947115384615384 0.43509615384615385 0.14543269230769232 0.19951923076923078
1 0.6838942307692307 0.34375 0.11778846153846154 0.12379807692307693
1 0.9747596153846154 0.4170673076923077 0.04447115384615385 0.22355769230769232
1 0.9194711538461539 0.40024038461538464 0.0673076923076923 0.21153846153846154
1 0.8545673076923077 0.3798076923076923 0.06129807692307692 0.19471153846153846
1 0.8004807692307693 0.3641826923076923 0.06129807692307692 0.17668269230769232
1 0.7487980769230769 0.33774038461538464 0.05048076923076923 0.1466346153846154
