1 0.6634615384615384 0.5228365384615384 0.5889423076923077 0.5625
1 0.9627403846153846 0.33413461538461536 0.06370192307692307 0.32091346153846156
1 0.9423076923076923 0.2091346153846154 0.10576923076923077 0.16947115384615385
1 0.9423076923076923 0.10336538461538461 0.10576923076923077 0.08653846153846154
1 0.9423076923076923 0.056490384615384616 0.10576923076923077 0.06850961538461539
1 0.9338942307692307 0.021634615384615384 0.12259615384615384 0.04326923076923077
1 0.6526442307692307 0.22596153846153846 0.4951923076923077 0.11298076923076923
1 0.6658653846153846 0.15504807692307693 0.4266826923076923 0.0829326923076923
1 0.6947115384615384 0.09615384615384616 0.3894230769230769 0.04927884615384615
1 0.703125 0.056490384615384616 0.3317307692307692 0.04567307692307692
1 0.7259615384615384 0.02283653846153846 0.30528846153846156 0.04567307692307692
1 0.39903846153846156 0.025240384615384616 0.30288461538461536 0.05048076923076923
1 0.33413461538461536 0.0625 0.3317307692307692 0.056490384615384616
1 0.31009615384615385 0.10576923076923077 0.36899038461538464 0.06850961538461539
1 0.23197115384615385 0.15144230769230768 0.4206730769230769 0.0829326923076923
1 0.19471153846153846 0.21153846153846154 0.3894230769230769 0.12860576923076922
1 0.18509615384615385 0.48677884615384615 0.3701923076923077 0.53125
1 0.015625 0.13221153846153846 0.03125 0.030048076923076924
1 0.055288461538461536 0.0889423076923077 0.11057692307692307 0.04927884615384615
1 0.07692307692307693 0.056490384615384616 0.15384615384615385 0.055288461538461536
1 0.11899038461538461 0.028846153846153848 0.23677884615384615 0.042067307692307696
