1 0.8557692307692307 0.06370192307692307 0.25240384615384615 0.12740384615384615
1 0.8665865384615384 0.20552884615384615 0.24639423076923078 0.20192307692307693
1 0.8701923076923077 0.3581730769230769 0.22235576923076922 0.1935096153846154
1 0.8713942307692307 0.5300480769230769 0.2091346153846154 0.22355769230769232
1 0.875 0.7091346153846154 0.2127403846153846 0.2692307692307692
1 0.38341346153846156 0.5901442307692307 0.7295673076923077 0.6418269230769231
1 0.48677884615384615 0.31009615384615385 0.5757211538461539 0.6189903846153846
1 0.04567307692307692 0.1201923076923077 0.09134615384615384 0.2403846153846154
1 0.036057692307692304 0.35096153846153844 0.07211538461538461 0.2536057692307692
1 0.038461538461538464 0.5853365384615384 0.07692307692307693 0.2764423076923077
1 0.039663461538461536 0.7836538461538461 0.07932692307692307 0.2980769230769231
1 0.5432692307692307 0.8245192307692307 0.9074519230769231 0.33533653846153844
1 0.34975961538461536 0.23076923076923078 0.22235576923076922 0.3581730769230769
1 0.6165865384615384 0.2247596153846154 0.2620192307692308 0.4495192307692308
1 0.33413461538461536 0.23557692307692307 0.2860576923076923 0.24639423076923078
