1 0.5252403846153846 0.5985576923076923 0.6358173076923077 0.234375
1 0.8413461538461539 0.5661057692307693 0.3088942307692308 0.20192307692307693
1 0.6033653846153846 0.6033653846153846 0.7848557692307693 0.28966346153846156
1 0.7668269230769231 0.7211538461538461 0.4579326923076923 0.08774038461538461
1 0.6923076923076923 0.8257211538461539 0.6069711538461539 0.20793269230769232
1 0.9831730769230769 0.28125 0.025240384615384616 0.4423076923076923
1 0.9387019230769231 0.2620192307692308 0.0733173076923077 0.45913461538461536
1 0.8858173076923077 0.2764423076923077 0.039663461538461536 0.4098557692307692
1 0.8221153846153846 0.265625 0.09495192307692307 0.4098557692307692
1 0.7512019230769231 0.25961538461538464 0.046875 0.39903846153846156
1 0.7091346153846154 0.2620192307692308 0.04326923076923077 0.40384615384615385
1 0.65625 0.2704326923076923 0.054086538461538464 0.4206730769230769
1 0.6057692307692307 0.2704326923076923 0.054086538461538464 0.4098557692307692
1 0.5396634615384616 0.2704326923076923 0.06850961538461539 0.4206730769230769
1 0.47596153846153844 0.28365384615384615 0.06490384615384616 0.4483173076923077
1 0.41586538461538464 0.2920673076923077 0.06850961538461539 0.4639423076923077
1 0.3581730769230769 0.3004807692307692 0.054086538461538464 0.4807692307692308
1 0.2848557692307692 0.34975961538461536 0.10576923076923077 0.5901442307692307
1 0.21875 0.34375 0.057692307692307696 0.6225961538461539
1 0.15264423076923078 0.3557692307692308 0.0733173076923077 0.5901442307692307
1 0.08413461538461539 0.35216346153846156 0.09495192307692307 0.5961538461538461
1 0.02403846153846154 0.3557692307692308 0.046875 0.6009615384615384
