1 0.7764423076923077 0.7487980769230769 0.32572115384615385 0.49278846153846156
1 0.9615384615384616 0.7487980769230769 0.06850961538461539 0.49278846153846156
1 0.49038461538461536 0.7620192307692307 0.3137019230769231 0.46634615384615385
1 0.2848557692307692 0.7596153846153846 0.24879807692307693 0.47115384615384615
1 0.11538461538461539 0.7620192307692307 0.22956730769230768 0.46634615384615385
1 0.9411057692307693 0.2536057692307692 0.11057692307692307 0.49759615384615385
1 0.7451923076923077 0.2620192307692308 0.2644230769230769 0.48197115384615385
1 0.5324519230769231 0.2956730769230769 0.26802884615384615 0.43509615384615385
1 0.31850961538461536 0.3161057692307692 0.19951923076923078 0.41466346153846156
1 0.18028846153846154 0.33653846153846156 0.20673076923076922 0.38341346153846156
1 0.07091346153846154 0.33653846153846156 0.14182692307692307 0.3425480769230769
