1 0.9002403846153846 0.8016826923076923 0.1935096153846154 0.38461538461538464
1 0.6057692307692307 0.7403846153846154 0.42908653846153844 0.5084134615384616
1 0.4230769230769231 0.9711538461538461 0.12620192307692307 0.04567307692307692
1 0.18028846153846154 0.9098557692307693 0.3605769230769231 0.17067307692307693
1 0.20793269230769232 0.6069711538461539 0.41586538461538464 0.6610576923076923
1 0.8004807692307693 0.39302884615384615 0.390625 0.44591346153846156
1 0.42788461538461536 0.04567307692307692 0.22235576923076922 0.09014423076923077
1 0.8365384615384616 0.13581730769230768 0.32091346153846156 0.27163461538461536
1 0.7283653846153846 0.08774038461538461 0.2956730769230769 0.17548076923076922
1 0.19230769230769232 0.16466346153846154 0.38461538461538464 0.3293269230769231
1 0.5252403846153846 0.2764423076923077 0.41586538461538464 0.49759615384615385
