1 0.32211538461538464 0.6610576923076923 0.14543269230769232 0.2620192307692308
1 0.6538461538461539 0.6887019230769231 0.06850961538461539 0.1310096153846154
1 0.8076923076923077 0.6069711538461539 0.10096153846153846 0.14182692307692307
1 0.8545673076923077 0.5024038461538461 0.07211538461538461 0.1201923076923077
1 0.7139423076923077 0.5516826923076923 0.09375 0.18629807692307693
1 0.6069711538461539 0.5625 0.12740384615384615 0.17427884615384615
1 0.5348557692307693 0.4338942307692308 0.0829326923076923 0.14783653846153846
1 0.6225961538461539 0.4338942307692308 0.09375 0.18028846153846154
1 0.7475961538461539 0.35216346153846156 0.14182692307692307 0.20192307692307693
1 0.6778846153846154 0.4230769230769231 0.05048076923076923 0.09254807692307693
1 0.8329326923076923 0.3389423076923077 0.07932692307692307 0.16346153846153846
1 0.8365384615384616 0.21033653846153846 0.09375 0.12620192307692307
1 0.6418269230769231 0.28725961538461536 0.10096153846153846 0.14783653846153846
1 0.5540865384615384 0.2920673076923077 0.11538461538461539 0.18028846153846154
1 0.4963942307692308 0.20432692307692307 0.07932692307692307 0.16947115384615385
1 0.5889423076923077 0.14783653846153846 0.1045673076923077 0.17427884615384615
1 0.7331730769230769 0.1935096153846154 0.12740384615384615 0.18028846153846154
