1 0.9663461538461539 0.6574519230769231 0.05889423076923077 0.5757211538461539
1 0.9050480769230769 0.6334134615384616 0.036057692307692304 0.6237980769230769
1 0.8641826923076923 0.6538461538461539 0.036057692307692304 0.5685096153846154
1 0.8112980769230769 0.6502403846153846 0.05048076923076923 0.5757211538461539
1 0.765625 0.5925480769230769 0.03125 0.6778846153846154
1 0.7043269230769231 0.6165865384615384 0.0733173076923077 0.6442307692307693
1 0.6658653846153846 0.6298076923076923 0.040865384615384616 0.5889423076923077
1 0.6177884615384616 0.6334134615384616 0.054086538461538464 0.5817307692307693
1 0.5865384615384616 0.6478365384615384 0.027644230769230768 0.5408653846153846
1 0.5336538461538461 0.6298076923076923 0.07692307692307693 0.5889423076923077
1 0.47716346153846156 0.6370192307692307 0.04567307692307692 0.5757211538461539
1 0.4495192307692308 0.6262019230769231 0.027644230769230768 0.5817307692307693
1 0.42908653846153844 0.6538461538461539 0.03125 0.5408653846153846
1 0.390625 0.6334134615384616 0.036057692307692304 0.5961538461538461
1 0.34975961538461536 0.640625 0.04567307692307692 0.5817307692307693
1 0.3161057692307692 0.5925480769230769 0.03125 0.6646634615384616
1 0.2932692307692308 0.5997596153846154 0.040865384615384616 0.6646634615384616
1 0.26322115384615385 0.5961538461538461 0.036057692307692304 0.6706730769230769
1 0.23197115384615385 0.6334134615384616 0.04567307692307692 0.5817307692307693
1 0.19831730769230768 0.6538461538461539 0.03125 0.5552884615384616
1 0.17548076923076922 0.6538461538461539 0.03125 0.5685096153846154
1 0.13221153846153846 0.6442307692307693 0.06370192307692307 0.5889423076923077
1 0.06850961538461539 0.609375 0.08173076923076923 0.6442307692307693
1 0.02283653846153846 0.640625 0.04567307692307692 0.5685096153846154
