1 0.6778846153846154 0.7932692307692307 0.6358173076923077 0.40384615384615385
1 0.8617788461538461 0.8581730769230769 0.2668269230769231 0.27524038461538464
1 0.3605769230769231 0.8533653846153846 0.08052884615384616 0.2848557692307692
1 0.09375 0.7043269230769231 0.18629807692307693 0.5817307692307693
1 0.1622596153846154 0.7355769230769231 0.06610576923076923 0.5204326923076923
1 0.4338942307692308 0.5132211538461539 0.27163461538461536 0.3870192307692308
1 0.7427884615384616 0.5685096153846154 0.3557692307692308 0.3641826923076923
1 0.5685096153846154 0.6286057692307693 0.7019230769230769 0.6177884615384616
1 0.9735576923076923 0.2800480769230769 0.04447115384615385 0.22235576923076922
1 0.9663461538461539 0.453125 0.057692307692307696 0.5685096153846154
1 0.5685096153846154 0.27283653846153844 0.6670673076923077 0.3329326923076923
1 0.109375 0.09975961538461539 0.21754807692307693 0.19951923076923078
1 0.12740384615384615 0.30408653846153844 0.2548076923076923 0.3004807692307692
1 0.9242788461538461 0.13581730769230768 0.14182692307692307 0.27163461538461536
1 0.5360576923076923 0.109375 0.5913461538461539 0.19951923076923078
