1 0.921875 0.5588942307692307 0.11177884615384616 0.3605769230769231
1 0.859375 0.6177884615384616 0.1141826923076923 0.2800480769230769
1 0.7560096153846154 0.7704326923076923 0.09254807692307693 0.23557692307692307
1 0.7403846153846154 0.6802884615384616 0.0985576923076923 0.2548076923076923
1 0.6526442307692307 0.7391826923076923 0.09495192307692307 0.27283653846153844
1 0.5276442307692307 0.8100961538461539 0.0733173076923077 0.20552884615384615
1 0.5228365384615384 0.6826923076923077 0.0829326923076923 0.12379807692307693
1 0.4651442307692308 0.6021634615384616 0.10216346153846154 0.2608173076923077
1 0.4026442307692308 0.8100961538461539 0.07932692307692307 0.20552884615384615
1 0.24519230769230768 0.7668269230769231 0.09495192307692307 0.2668269230769231
1 0.14182692307692307 0.7391826923076923 0.1045673076923077 0.27283653846153844
1 0.0625 0.6610576923076923 0.0985576923076923 0.30408653846153844
1 0.09735576923076923 0.44350961538461536 0.11177884615384616 0.2800480769230769
1 0.20552884615384615 0.3293269230769231 0.13701923076923078 0.2860576923076923
1 0.30288461538461536 0.49399038461538464 0.13341346153846154 0.2920673076923077
1 0.19951923076923078 0.6682692307692307 0.1045673076923077 0.2800480769230769
1 0.35336538461538464 0.6081730769230769 0.10216346153846154 0.21153846153846154
1 0.43028846153846156 0.41346153846153844 0.10817307692307693 0.18028846153846154
1 0.5745192307692307 0.42908653846153844 0.1045673076923077 0.2608173076923077
1 0.6514423076923077 0.515625 0.0985576923076923 0.18629807692307693
1 0.7139423076923077 0.44711538461538464 0.10216346153846154 0.23557692307692307
1 0.8125 0.4098557692307692 0.10216346153846154 0.23557692307692307
1 0.6814903846153846 0.24879807692307693 0.13341346153846154 0.3473557692307692
1 0.5336538461538461 0.3317307692307692 0.12379807692307693 0.2800480769230769
1 0.36658653846153844 0.32572115384615385 0.12139423076923077 0.11778846153846154
