1 0.4266826923076923 0.8497596153846154 0.46634615384615385 0.28725961538461536
1 0.828125 0.8497596153846154 0.33774038461538464 0.28725961538461536
1 0.8137019230769231 0.5841346153846154 0.36658653846153844 0.23076923076923078
1 0.8305288461538461 0.28365384615384615 0.3329326923076923 0.38461538461538464
1 0.16947115384615385 0.6850961538461539 0.33774038461538464 0.6153846153846154
1 0.15625 0.2692307692307692 0.3125 0.35697115384615385
1 0.46033653846153844 0.41586538461538464 0.30649038461538464 0.6646634615384616
1 0.44471153846153844 0.06971153846153846 0.31009615384615385 0.13942307692307693
1 0.7896634615384616 0.06971153846153846 0.36899038461538464 0.13942307692307693
1 0.14543269230769232 0.056490384615384616 0.28966346153846156 0.11177884615384616
