1 0.37259615384615385 0.8894230769230769 0.3112980769230769 0.21153846153846154
1 0.3125 0.9471153846153846 0.20552884615384615 0.09495192307692307
1 0.11778846153846154 0.8233173076923077 0.19831730769230768 0.25961538461538464
1 0.09975961538461539 0.9603365384615384 0.1310096153846154 0.06850961538461539
1 0.14182692307692307 0.6742788461538461 0.23197115384615385 0.18509615384615385
1 0.2860576923076923 0.7115384615384616 0.040865384615384616 0.14302884615384615
1 0.453125 0.7992788461538461 0.2848557692307692 0.30649038461538464
1 0.734375 0.8629807692307693 0.3894230769230769 0.2644230769230769
1 0.7944711538461539 0.8329326923076923 0.4050480769230769 0.3233173076923077
1 0.4423076923076923 0.6875 0.29927884615384615 0.21153846153846154
1 0.15144230769230768 0.5841346153846154 0.2512019230769231 0.11057692307692307
1 0.04567307692307692 0.45913461538461536 0.09134615384615384 0.1346153846153846
1 0.1875 0.5 0.21754807692307693 0.18509615384615385
1 0.46033653846153844 0.5444711538461539 0.32211538461538464 0.24278846153846154
1 0.8088942307692307 0.6105769230769231 0.375 0.29086538461538464
1 0.8353365384615384 0.3942307692307692 0.32211538461538464 0.23798076923076922
1 0.5024038461538461 0.36778846153846156 0.3293269230769231 0.21634615384615385
1 0.2247596153846154 0.33653846153846156 0.2247596153846154 0.16346153846153846
1 0.06009615384615385 0.3233173076923077 0.1201923076923077 0.11658653846153846
1 0.05889423076923077 0.20793269230769232 0.11778846153846154 0.10817307692307693
1 0.24158653846153846 0.18990384615384615 0.2439903846153846 0.13701923076923078
1 0.5300480769230769 0.1875 0.31850961538461536 0.16346153846153846
1 0.8425480769230769 0.1935096153846154 0.3076923076923077 0.18509615384615385
1 0.8052884615384616 0.04807692307692308 0.18028846153846154 0.09495192307692307
1 0.5576923076923077 0.05048076923076923 0.31490384615384615 0.10096153846153846
1 0.2980769230769231 0.055288461538461536 0.20552884615384615 0.11057692307692307
1 0.1045673076923077 0.08774038461538461 0.15745192307692307 0.10096153846153846
