1 0.8064903846153846 0.6826923076923077 0.36658653846153844 0.5612980769230769
1 0.546875 0.8894230769230769 0.4050480769230769 0.21033653846153846
1 0.8713942307692307 0.9447115384615384 0.2512019230769231 0.0985576923076923
1 0.46033653846153844 0.5925480769230769 0.4050480769230769 0.8028846153846154
1 0.16706730769230768 0.8112980769230769 0.33413461538461536 0.3641826923076923
1 0.16706730769230768 0.2283653846153846 0.33413461538461536 0.4567307692307692
1 0.1622596153846154 0.6298076923076923 0.3245192307692308 0.4074519230769231
1 0.4519230769230769 0.19110576923076922 0.2283653846153846 0.38221153846153844
1 0.7824519230769231 0.20432692307692307 0.43028846153846156 0.40865384615384615
1 0.4987980769230769 0.49759615384615385 0.9975961538461539 0.9951923076923077
