1 0.4362980769230769 0.5540865384615384 0.5108173076923077 0.07211538461538461
1 0.5084134615384616 0.6009615384615384 0.5420673076923077 0.05889423076923077
1 0.4338942307692308 0.6514423076923077 0.5240384615384616 0.05889423076923077
1 0.38341346153846156 0.7091346153846154 0.5985576923076923 0.0673076923076923
1 0.36538461538461536 0.7752403846153846 0.3786057692307692 0.08052884615384616
1 0.39663461538461536 0.8269230769230769 0.43149038461538464 0.0673076923076923
1 0.39663461538461536 0.8737980769230769 0.4411057692307692 0.07211538461538461
1 0.4014423076923077 0.9050480769230769 0.43149038461538464 0.08052884615384616
1 0.375 0.9435096153846154 0.3786057692307692 0.04927884615384615
1 0.36538461538461536 0.96875 0.38822115384615385 0.054086538461538464
1 0.4891826923076923 0.4639423076923077 0.9074519230769231 0.21634615384615385
