1 0.8377403846153846 0.5709134615384616 0.3161057692307692 0.4074519230769231
1 0.8834134615384616 0.8293269230769231 0.2247596153846154 0.3317307692307692
1 0.39903846153846156 0.8966346153846154 0.4266826923076923 0.19591346153846154
1 0.5913461538461539 0.7884615384615384 0.359375 0.41225961538461536
1 0.1622596153846154 0.6862980769230769 0.08653846153846154 0.1658653846153846
1 0.24759615384615385 0.7536057692307693 0.31971153846153844 0.4326923076923077
1 0.0889423076923077 0.8365384615384616 0.1778846153846154 0.3161057692307692
1 0.0673076923076923 0.6262019230769231 0.1346153846153846 0.3161057692307692
1 0.3713942307692308 0.49038461538461536 0.22115384615384615 0.25600961538461536
1 0.625 0.5096153846153846 0.24519230769230768 0.3161057692307692
1 0.6971153846153846 0.27163461538461536 0.3125 0.32211538461538464
1 0.9134615384615384 0.1935096153846154 0.1658653846153846 0.3870192307692308
1 0.39302884615384615 0.34375 0.28846153846153844 0.2860576923076923
1 0.1658653846153846 0.48197115384615385 0.3088942307692308 0.2512019230769231
1 0.13701923076923078 0.2644230769230769 0.27403846153846156 0.28846153846153844
1 0.4639423076923077 0.22596153846153846 0.23317307692307693 0.23076923076923078
1 0.6862980769230769 0.09375 0.3293269230769231 0.1875
1 0.2800480769230769 0.10576923076923077 0.21394230769230768 0.19110576923076922
1 0.09615384615384616 0.06610576923076923 0.19230769230769232 0.13221153846153846
