1 0.8076923076923077 0.7487980769230769 0.23918269230769232 0.16706730769230768
1 0.7367788461538461 0.8894230769230769 0.16105769230769232 0.14423076923076922
1 0.31490384615384615 0.8725961538461539 0.22355769230769232 0.16346153846153846
1 0.14543269230769232 0.84375 0.21875 0.15985576923076922
1 0.19230769230769232 0.7127403846153846 0.2920673076923077 0.15625
1 0.12740384615384615 0.3894230769230769 0.171875 0.14783653846153846
1 0.32572115384615385 0.16346153846153846 0.203125 0.14423076923076922
1 0.47596153846153844 0.24278846153846154 0.18269230769230768 0.18269230769230768
1 0.6201923076923077 0.12740384615384615 0.3329326923076923 0.17908653846153846
1 0.4795673076923077 0.5456730769230769 0.6045673076923077 0.6117788461538461
