1 0.9038461538461539 0.43028846153846156 0.18509615384615385 0.46875
1 0.6838942307692307 0.46634615384615385 0.2704326923076923 0.4795673076923077
1 0.42908653846153844 0.484375 0.2860576923076923 0.5048076923076923
1 0.15144230769230768 0.5216346153846154 0.30288461538461536 0.5384615384615384
1 0.328125 0.203125 0.2704326923076923 0.21153846153846154
1 0.5769230769230769 0.20673076923076922 0.2512019230769231 0.22716346153846154
1 0.8052884615384616 0.1778846153846154 0.23557692307692307 0.21153846153846154
1 0.953125 0.12860576923076922 0.08533653846153846 0.15504807692307693
1 0.1045673076923077 0.1935096153846154 0.20793269230769232 0.18028846153846154
1 0.2644230769230769 0.051682692307692304 0.23557692307692307 0.10336538461538461
1 0.484375 0.051682692307692304 0.2283653846153846 0.10336538461538461
1 0.6947115384615384 0.051682692307692304 0.21634615384615385 0.10336538461538461
1 0.8990384615384616 0.04447115384615385 0.1971153846153846 0.0889423076923077
1 0.07211538461538461 0.06009615384615385 0.14423076923076922 0.1201923076923077
