1 0.7908653846153846 0.7463942307692307 0.4098557692307692 0.39783653846153844
1 0.8725961538461539 0.328125 0.20673076923076922 0.23918269230769232
1 0.9579326923076923 0.08653846153846154 0.06009615384615385 0.09495192307692307
1 0.8209134615384616 0.1141826923076923 0.11899038461538461 0.109375
1 0.7007211538461539 0.09014423076923077 0.08774038461538461 0.09014423076923077
1 0.4567307692307692 0.84375 0.25841346153846156 0.22355769230769232
1 0.11177884615384616 0.8257211538461539 0.22355769230769232 0.3088942307692308
1 0.28125 0.5576923076923077 0.2668269230769231 0.4375
1 0.5973557692307693 0.45552884615384615 0.375 0.38341346153846156
1 0.49759615384615385 0.24879807692307693 0.31850961538461536 0.2283653846153846
1 0.16346153846153846 0.2692307692307692 0.31850961538461536 0.2283653846153846
1 0.59375 0.08653846153846154 0.07932692307692307 0.07451923076923077
1 0.4735576923076923 0.08173076923076923 0.11177884615384616 0.08413461538461539
1 0.3581730769230769 0.07451923076923077 0.07932692307692307 0.11899038461538461
1 0.25721153846153844 0.08413461538461539 0.07572115384615384 0.06971153846153846
1 0.15745192307692307 0.08173076923076923 0.09975961538461539 0.07451923076923077
1 0.04927884615384615 0.09975961538461539 0.08413461538461539 0.09014423076923077
