1 0.7704326923076923 0.7632211538461539 0.38100961538461536 0.46033653846153844
1 0.9014423076923077 0.6286057692307693 0.18990384615384615 0.7295673076923077
1 0.5504807692307693 0.9170673076923077 0.1778846153846154 0.15384615384615385
1 0.32091346153846156 0.7487980769230769 0.2608173076923077 0.49038461538461536
1 0.4699519230769231 0.6069711538461539 0.35216346153846156 0.6995192307692307
1 0.6598557692307693 0.359375 0.3641826923076923 0.7175480769230769
1 0.8389423076923077 0.2247596153846154 0.3173076923076923 0.4495192307692308
1 0.14903846153846154 0.8221153846153846 0.2980769230769231 0.34615384615384615
1 0.14903846153846154 0.3557692307692308 0.2980769230769231 0.7019230769230769
1 0.05889423076923077 0.6286057692307693 0.11778846153846154 0.49759615384615385
1 0.3173076923076923 0.23076923076923078 0.34615384615384615 0.46153846153846156
1 0.5456730769230769 0.10817307692307693 0.25961538461538464 0.21634615384615385
